0.0
-2.459991455078125
1.230010986328125
-0.910003662109375
1.720001220703125
2.199981689453125
-0.94000244140625
2.240020751953125
-0.5
0.739990234375
2.730010986328125
1.029998779296875
-0.6500244140625
0.040008544921875
0.3800048828125
-2.95001220703125
-5.269989013671875
3.3900146484375
-0.27001953125
1.05999755859375
-5.949981689453125
2.389984130859375
4.94000244140625
3.79998779296875
1.120025634765625
-1.779998779296875
2.47998046875
0.58001708984375
2.160003662109375
-0.360015869140625
0.540008544921875
-0.8699951171875
1.6099853515625
-1.389984130859375
-3.470001220703125
-11.05999755859375
-9.77001953125
-1.149993896484375
-13.989990234375
-1.25
12.829986572265625
-8.850006103515625
12.6199951171875
-10.399993896484375
-5.0
-23.22998046875
14.19000244140625
-14.060028076171875
-26.249984741210938
21.210006713867188
-29.470001220703125
12.949996948242188
-12.800003051757812
0.5099945068359375
-11.709991455078125
-5.850006103515625
20.199996948242188
3.6399993896484375
14.410018920898438
-7.7800140380859375
8.229995727539062
-3.899993896484375
-11.600006103515625
5.6800079345703125
-3.6399993896484375
16.66998291015625
0.27001953125
8.899993896484375
4.170013427734375
-2.540008544921875
8.1300048828125
-6.029998779296875
1.339996337890625
7.540008544921875
-5.050018310546875
-8.54998779296875
6.05999755859375
-0.02001953125
3.8900146484375
4.079986572265625
-1.319976806640625
7.47998046875
-2.72998046875
-7.69000244140625
0.779998779296875
2.6199951171875
-1.94000244140625
3.42999267578125
4.760009765625
0.05999755859375
-5.829986572265625
-5.07000732421875
3.3699951171875
1.30999755859375
8.720001220703125
-3.029998779296875
4.959991455078125
-2.04998779296875
0.55999755859375
3.639984130859375
4.45001220703125
-0.55999755859375
1.350006103515625
1.22998046875
2.529998779296875
4.100006103515625
-0.82000732421875
7.980010986328125
3.860015869140625
-2.410003662109375
-1.790008544921875
-18.3900146484375
3.600006103515625
2.839996337890625
5.910003662109375
-1.29998779296875
0.1199951171875
-3.139984130859375
1.97998046875
1.42999267578125
-7.959991455078125
3.260009765625
-7.300018310546875
4.410003662109375
3.899993896484375
2.160003662109375
1.71002197265625
4.819976806640625
-3.269989013671875
2.399993896484375
-1.79998779296875
3.209991455078125
-2.75
4.08001708984375
2.92999267578125
-1.05999755859375
0.92999267578125
2.600006103515625
0.69000244140625
1.8499755859375
-3.899993896484375
-2.079986572265625
2.339996337890625
-2.04998779296875
3.949981689453125
-1.160003662109375
2.55999755859375
2.27001953125
1.269989013671875
2.04998779296875
2.220001220703125
0.240020751953125
1.0
-2.77001953125
4.6400146484375
-0.610015869140625
0.010009765625
1.07000732421875
0.730010986328125
-1.410003662109375
1.04998779296875
1.20001220703125
3.44000244140625
1.199981689453125
3.45001220703125
0.759979248046875
2.25
-1.269989013671875
3.290008544921875
5.100006103515625
-12.30999755859375
-2.82000732421875
-9.360015869140625
6.58001708984375
-5.899993896484375
0.16998291015625
4.399993896484375
1.71002197265625
-1.350006103515625
-2.980010986328125
-5.19000244140625
-3.67999267578125
3.329986572265625
-7.65997314453125
0.8599853515625
5.230010986328125
5.459991455078125
-1.82000732421875
2.52001953125
2.149993896484375
-3.20001220703125
5.920013427734375
-4.83001708984375
5.83001708984375
3.019989013671875
3.07000732421875
5.579986572265625
-2.29998779296875
-2.20001220703125
-0.42999267578125
-0.209991455078125
-5.279998779296875
1.3699951171875
-0.649993896484375
1.879974365234375
1.170013427734375
-6.389984130859375
-1.170013427734375
-11.55999755859375
3.32000732421875
-3.44000244140625
3.660003662109375
5.829986572265625
7.510009765625
6.699981689453125
-0.079986572265625
4.399993896484375
-0.519989013671875
2.6300048828125
-3.46002197265625
4.8900146484375
4.470001220703125
-1.95001220703125
-4.339996337890625
1.5
-2.45001220703125
2.1300048828125
5.760009765625
-0.55999755859375
1.010009765625
-1.610015869140625
3.959991455078125
0.77001953125
-0.100006103515625
3.160003662109375
-0.760009765625
1.08001708984375
-3.32000732421875
-0.1199951171875
-0.430023193359375
-1.639984130859375
4.92999267578125
0.58001708984375
2.069976806640625
-3.05999755859375
-1.32000732421875
-0.6199951171875
0.33001708984375
1.42999267578125
3.170013427734375
-0.71002197265625
0.529998779296875
1.8900146484375
-5.089996337890625
2.53997802734375
2.220001220703125
5.550018310546875
2.160003662109375
-2.57000732421875
0.079986572265625
1.02001953125
-1.33001708984375
-2.759979248046875
2.949981689453125
5.240020751953125
0.3499755859375
-1.3599853515625
1.510009765625
-0.600006103515625
-9.3800048828125
3.220001220703125
-7.55999755859375
6.160003662109375
5.319976806640625
0.300018310546875
4.339996337890625
1.519989013671875
2.800018310546875
-0.260009765625
-0.170013427734375
0.6300048828125
1.930023193359375
-0.34002685546875
0.09002685546875
-1.670013427734375
-0.69000244140625
-3.0
0.470001220703125
4.269989013671875
-9.44000244140625
-1.970001220703125
9.220001220703125
-3.03997802734375
-5.1199951171875
-4.720001220703125
6.92999267578125
-1.910003662109375
5.45001220703125
2.40997314453125
3.95001220703125
0.529998779296875
2.350006103515625
-0.5
1.350006103515625
-5.779998779296875
-2.0
3.1099853515625
-3.089996337890625
-1.980010986328125
2.180023193359375
6.279998779296875
-0.20001220703125
-1.04998779296875
1.5999755859375
4.279998779296875
5.75
-0.239990234375
0.470001220703125
1.92999267578125
2.970001220703125
0.1500244140625
1.219970703125
-1.40997314453125
4.41998291015625
1.3900146484375
-2.050018310546875
-3.03997802734375
3.899993896484375
-3.800018310546875
4.470001220703125
0.8699951171875
-0.089996337890625
-0.1199951171875
2.660003662109375
-2.760009765625
0.9000244140625
-2.58001708984375
0.1300048828125
3.32000732421875
3.04998779296875
-4.17999267578125
-3.730010986328125
-8.79998779296875
4.8699951171875
6.29998779296875
-1.05999755859375
-3.579986572265625
-1.08001708984375
4.420013427734375
-0.339996337890625
4.230010986328125
-0.930023193359375
0.83001708984375
0.220001220703125
0.75
-0.3699951171875
0.65997314453125
-1.55999755859375
3.83001708984375
-0.410003662109375
0.089996337890625
-0.6300048828125
1.959991455078125
0.70001220703125
0.95001220703125
-0.779998779296875
-2.370025634765625
-0.139984130859375
-7.04998779296875
5.939971923828125
2.25
-0.509979248046875
2.5
1.509979248046875
0.860015869140625
0.230010986328125
0.3599853515625
2.3699951171875
3.290008544921875
-0.790008544921875
1.529998779296875
-3.53997802734375
4.5999755859375
1.55999755859375
-1.489990234375
0.649993896484375
-1.489990234375
-3.410003662109375
-6.3699951171875
6.089996337890625
3.489990234375
0.910003662109375
4.480010986328125
1.079986572265625
-2.009979248046875
-0.180023193359375
1.82000732421875
-2.139984130859375
-0.920013427734375
3.55999755859375
-2.16998291015625
2.779998779296875
0.72998046875
-0.3599853515625
0.54998779296875
1.100006103515625
1.329986572265625
0.810028076171875
1.04998779296875
-2.92999267578125
-4.860015869140625
0.67999267578125
3.5
3.9000244140625
0.709991455078125
0.94000244140625
-2.649993896484375
3.989990234375
1.980010986328125
-0.670013427734375
0.239990234375
1.3900146484375
-0.110015869140625
-1.6199951171875
-0.54998779296875
-1.92999267578125
-3.540008544921875
1.139984130859375
-2.40997314453125
3.709991455078125
-0.709991455078125
-5.77001953125
-7.3599853515625
-0.410003662109375
4.22998046875
5.32000732421875
0.730010986328125
-1.269989013671875
-8.920013427734375
0.730010986328125
-5.30999755859375
5.0999755859375
-5.5999755859375
4.459991455078125
1.79998779296875
3.760009765625
-0.800018310546875
-3.16998291015625
-1.07000732421875
1.55999755859375
7.32000732421875
3.3699951171875
1.32000732421875
3.45001220703125
1.769989013671875
1.17999267578125
-0.470001220703125
2.42999267578125
0.410003662109375
-2.019989013671875
4.3800048828125
0.92999267578125
0.790008544921875
1.8599853515625
2.82000732421875
2.19000244140625
1.6199951171875
0.399993896484375
-1.54998779296875
-3.760009765625
0.149993896484375
3.5
0.160003662109375
1.850006103515625
-1.139984130859375
1.589996337890625
-0.839996337890625
-1.32000732421875
0.6199951171875
1.25
-10.470001220703125
5.6300048828125
-9.040008544921875
-5.05999755859375
6.899993896484375
-3.97998046875
5.3699951171875
9.489990234375
1.239990234375
-3.16998291015625
4.389984130859375
-4.16998291015625
-3.21002197265625
7.240020751953125
-4.149993896484375
-6.58001708984375
-4.889984130859375
8.079986572265625
4.6300048828125
2.910003662109375
6.660003662109375
-0.3900146484375
0.610015869140625
-1.32000732421875
-1.20001220703125
2.75
-0.160003662109375
-9.16998291015625
-0.44000244140625
-1.850006103515625
-0.579986572265625
4.239990234375
1.269989013671875
-6.489990234375
0.19000244140625
-8.230010986328125
-4.739990234375
-5.0
-8.769989013671875
1.8599853515625
-5.3699951171875
-1.089996337890625
-2.1400146484375
10.71002197265625
7.959991455078125
3.040008544921875
4.399993896484375
-10.75
2.100006103515625
-1.44000244140625
3.67999267578125
6.600006103515625
-8.220001220703125
-8.860015869140625
-1.44000244140625
7.08001708984375
0.5
-9.540008544921875
-2.829986572265625
-4.660003662109375
-7.6199951171875
6.3499755859375
9.45001220703125
-1.1199951171875
-6.649993896484375
7.910003662109375
-2.180023193359375
-3.53997802734375
-12.740020751953125
-3.17999267578125
11.160003662109375
-1.92999267578125
-5.410003662109375
-3.07000732421875
9.170013427734375
9.449981689453125
5.45001220703125
3.449981689453125
-0.129974365234375
5.199981689453125
-5.790008544921875
6.69000244140625
2.20001220703125
3.220001220703125
5.639984130859375
-2.8499755859375
-7.05999755859375
1.279998779296875
3.879974365234375
-5.769989013671875
-4.510009765625
2.25
-1.199981689453125
-7.649993896484375
-1.6300048828125
5.019989013671875
-5.519989013671875
0.17999267578125
7.07000732421875
-0.33001708984375
-6.649993896484375
-12.019989013671875
2.470001220703125
-12.410003662109375
1.16998291015625
10.540008544921875
-15.80999755859375
2.480010986328125
1.899993896484375
12.67999267578125
-15.25
-2.470001220703125
-13.16998291015625
0.91998291015625
-6.339996337890625
-0.410003662109375
9.3800048828125
-1.6300048828125
8.230010986328125
-16.46002197265625
-2.399993896484375
0.170013427734375
7.290008544921875
-3.029998779296875
3.47998046875
7.94000244140625
9.95001220703125
-2.33001708984375
-3.339996337890625
7.800018310546875
-6.850006103515625
1.25
3.949981689453125
-4.519989013671875
-9.779998779296875
-11.6400146484375
-14.79998779296875
-1.1300048828125
5.33001708984375
-12.550018310546875
-0.790008544921875
9.21002197265625
-0.67999267578125
3.66998291015625
12.019989013671875
-1.489990234375
-7.94000244140625
-0.30999755859375
-3.089996337890625
3.989990234375
0.720001220703125
1.290008544921875
5.739990234375
-0.319976806640625
-4.44000244140625
-3.4000244140625
-2.0
-0.91998291015625
7.220001220703125
-3.17999267578125
10.319976806640625
2.5
4.02001953125
-3.70001220703125
0.480010986328125
-4.67999267578125
10.149993896484375
5.029998779296875
5.91998291015625
-1.220001220703125
-2.709991455078125
6.3900146484375
-0.279998779296875
-0.70001220703125
-0.480010986328125
-1.639984130859375
8.639984130859375
0.0
7.110015869140625
1.759979248046875
0.84002685546875
-3.050018310546875
1.240020751953125
-5.75
-8.790008544921875
-1.0
1.32000732421875
5.839996337890625
-14.20001220703125
-2.67999267578125
-4.420013427734375
-3.029998779296875
1.240020751953125
-4.180023193359375
-1.47998046875
7.019989013671875
2.600006103515625
6.220001220703125
4.3699951171875
-17.8699951171875
1.5
-4.480010986328125
-4.55999755859375
2.989990234375
-4.459991455078125
-6.699981689453125
-3.170013427734375
-6.269989013671875
-3.6400146484375
-0.92999267578125
7.149993896484375
-7.739990234375
-5.610015869140625
9.42999267578125
11.360015869140625
-0.8800048828125
-3.889984130859375
-10.410003662109375
-2.77001953125
-2.279998779296875
-1.17999267578125
9.410003662109375
-8.339996337890625
9.19000244140625
4.30999755859375
-2.6300048828125
-3.089996337890625
8.8800048828125
4.579986572265625
6.050018310546875
-2.9000244140625
-2.03997802734375
9.03997802734375
-2.80999755859375
-1.69000244140625
-9.649993896484375
-3.8599853515625
5.339996337890625
3.600006103515625
2.04998779296875
-7.8699951171875
20.55999755859375
3.82000732421875
