323.5400085449219
321.1600036621094
320.489990234375
323.0199890136719
322.94000244140625
326.1600036621094
327.2900085449219
326.3900146484375
327.4700012207031
327.3500061035156
329.70001220703125
331.70001220703125
330.8999938964844
332.239990234375
330.6300048828125
332.44000244140625
323.0299987792969
325.05999755859375
328.3800048828125
324.3599853515625
327.0
323.3500061035156
328.07000732421875
332.2699890136719
333.9100036621094
332.82000732421875
331.2300109863281
336.1600036621094
336.8299865722656
335.8599853515625
337.510009765625
336.510009765625
337.7900085449219
337.739990234375
335.4700012207031
323.1400146484375
323.94000244140625
314.17999267578125
305.4599914550781
288.70001220703125
298.2099914550781
309.5
306.1199951171875
304.9800109863281
293.1499938964844
275.29998779296875
284.6400146484375
280.70001220703125
256.0
263.0899963378906
241.17999267578125
245.0399932861328
236.25
239.25
242.52999877929688
228.19000244140625
234.4199981689453
244.8699951171875
249.52000427246094
253.27000427246094
255.6999969482422
260.55999755859375
247.97999572753906
245.19000244140625
250.75999450683594
257.8399963378906
274.2099914550781
267.9599914550781
277.5799865722656
277.1400146484375
280.9800109863281
277.57000732421875
279.1499938964844
285.3800048828125
282.6099853515625
276.7300109863281
278.3500061035156
280.489990234375
280.7300109863281
285.1199951171875
291.0199890136719
291.5299987792969
291.7099914550781
285.30999755859375
280.739990234375
286.6400146484375
288.0400085449219
287.75
291.0899963378906
290.3399963378906
293.7900085449219
286.05999755859375
278.95001220703125
282.3699951171875
293.04998779296875
294.3500061035156
295.82000732421875
296.7900085449219
294.57000732421875
301.92999267578125
302.1199951171875
304.6499938964844
302.4599914550781
303.6199951171875
306.54998779296875
310.239990234375
311.1099853515625
317.2300109863281
320.2200012207031
320.29998779296875
321.4200134277344
311.4599914550781
308.239990234375
298.0199890136719
315.4800109863281
314.07000732421875
310.010009765625
314.1700134277344
307.989990234375
313.489990234375
309.8399963378906
303.4700012207031
306.1600036621094
301.4100036621094
303.989990234375
309.57000732421875
314.239990234375
316.3699951171875
315.3800048828125
314.6099853515625
316.8399963378906
314.30999755859375
320.1300048828125
313.29998779296875
322.4100036621094
319.7900085449219
321.8800048828125
321.42999267578125
326.45001220703125
324.6199951171875
326.4700012207031
320.95001220703125
321.6300048828125
322.42999267578125
322.1199951171875
321.8999938964844
325.8999938964844
328.32000732421875
327.8599853515625
331.4700012207031
331.4800109863281
333.2799987792969
335.05999755859375
336.8500061035156
335.44000244140625
336.6099853515625
336.4100036621094
337.94000244140625
338.3399963378906
339.04998779296875
335.3599853515625
337.9200134277344
342.1199951171875
343.5299987792969
344.760009765625
348.510009765625
349.44000244140625
350.3500061035156
350.2099914550781
354.6700134277344
355.8699951171875
346.1300048828125
336.7099914550781
337.54998779296875
341.82000732421875
335.82000732421875
337.489990234375
341.1199951171875
341.510009765625
333.55999755859375
335.3699951171875
325.70001220703125
328.57000732421875
330.8999938964844
321.2200012207031
322.5799865722656
333.2200012207031
333.9700012207031
333.0899963378906
337.69000244140625
331.70001220703125
336.05999755859375
339.9100036621094
338.1199951171875
342.8500061035156
345.55999755859375
349.5899963378906
352.2799987792969
350.75
343.7099914550781
348.9599914550781
348.6499938964844
343.4599914550781
343.3299865722656
342.9599914550781
345.92999267578125
342.1300048828125
339.760009765625
332.1000061035156
326.9100036621094
328.2799987792969
330.20001220703125
333.69000244140625
340.8599853515625
349.239990234375
349.92999267578125
363.9700012207031
353.489990234375
356.3999938964844
355.5799865722656
355.2699890136719
360.9800109863281
359.9700012207031
360.9100036621094
355.6000061035156
357.5
357.2799987792969
360.2099914550781
363.1300048828125
363.8399963378906
362.8299865722656
365.57000732421875
364.82000732421875
366.67999267578125
367.32000732421875
369.0199890136719
367.7200012207031
370.8800048828125
365.3699951171875
364.8999938964844
368.6400146484375
367.3999938964844
369.82000732421875
371.94000244140625
370.9700012207031
364.9700012207031
368.2099914550781
368.2799987792969
368.0799865722656
371.739990234375
373.80999755859375
372.3399963378906
371.7799987792969
375.30999755859375
368.1000061035156
369.7099914550781
376.1000061035156
380.5899963378906
377.8500061035156
378.8900146484375
378.69000244140625
380.5899963378906
376.7200012207031
378.3399963378906
381.1099853515625
384.489990234375
382.25
383.6700134277344
385.4100036621094
380.2200012207031
376.3599853515625
375.6300048828125
373.7200012207031
379.6499938964844
382.44000244140625
382.9599914550781
388.20001220703125
389.2699890136719
389.6099853515625
392.1199951171875
391.239990234375
389.8500061035156
393.9599914550781
390.4200134277344
389.5899963378906
392.07000732421875
387.05999755859375
384.6600036621094
386.3299865722656
390.4100036621094
384.3500061035156
385.5899963378906
389.82000732421875
385.7900085449219
381.2200012207031
380.4599914550781
384.6600036621094
385.8500061035156
389.69000244140625
392.2300109863281
392.07000732421875
394.3299865722656
397.07000732421875
394.5299987792969
394.4800109863281
389.8800048828125
390.0299987792969
391.9100036621094
391.0
385.9800109863281
390.92999267578125
394.3999938964844
394.4200134277344
395.3399963378906
398.3999938964844
403.4599914550781
405.760009765625
405.94000244140625
407.92999267578125
408.3900146484375
410.8500061035156
411.5299987792969
412.8299865722656
413.739990234375
417.25
416.260009765625
413.9100036621094
411.510009765625
415.8900146484375
412.8699951171875
417.44000244140625
417.92999267578125
417.80999755859375
420.32000732421875
417.6300048828125
419.42999267578125
416.07000732421875
417.3800048828125
415.8299865722656
419.8900146484375
422.5
413.1000061035156
411.2300109863281
407.07000732421875
413.2099914550781
415.3900146484375
415.79998779296875
406.9200134277344
411.79998779296875
416.8699951171875
417.3399963378906
420.3299865722656
418.8699951171875
420.1700134277344
420.9700012207031
422.57000732421875
420.3699951171875
417.8500061035156
420.75
422.5899963378906
423.1099853515625
423.17999267578125
422.9599914550781
424.20001220703125
424.42999267578125
425.4200134277344
424.6300048828125
421.6700134277344
417.0899963378906
416.79998779296875
420.8500061035156
423.19000244140625
424.8900146484375
425.8999938964844
427.1700134277344
427.8800048828125
427.2099914550781
428.8699951171875
431.6700134277344
433.7799987792969
433.6600036621094
428.7799987792969
432.5299987792969
435.42999267578125
436.239990234375
437.3999938964844
434.80999755859375
436.010009765625
426.19000244140625
425.67999267578125
432.3399963378906
434.739990234375
437.5199890136719
439.30999755859375
439.9100036621094
439.67999267578125
439.82000732421875
437.9100036621094
440.3399963378906
438.44000244140625
439.7799987792969
440.2200012207031
442.1000061035156
442.4599914550781
442.6099853515625
443.82000732421875
443.6199951171875
445.5899963378906
444.5299987792969
444.239990234375
442.9599914550781
436.2699890136719
440.2300109863281
445.1600036621094
447.9700012207031
448.1700134277344
448.6099853515625
447.1199951171875
450.9700012207031
452.1300048828125
452.55999755859375
453.32000732421875
451.9800109863281
452.7099914550781
450.8900146484375
450.70001220703125
451.0400085449219
448.6400146484375
448.1199951171875
444.6199951171875
447.32000732421875
444.9200134277344
434.8800048828125
436.5299987792969
436.04998779296875
439.8500061035156
441.44000244140625
442.80999755859375
439.69000244140625
435.19000244140625
436.0199890136719
430.9800109863281
433.0
430.239990234375
429.2699890136719
438.3900146484375
439.4800109863281
437.1600036621094
435.6700134277344
434.7099914550781
439.0799865722656
444.75
443.9700012207031
448.9200134277344
451.1300048828125
451.7699890136719
453.1300048828125
454.2799987792969
457.20001220703125
456.45001220703125
455.4599914550781
455.8699951171875
460.29998779296875
460.2200012207031
461.29998779296875
465.3599853515625
469.2799987792969
469.70001220703125
469.32000732421875
465.5799865722656
465.2099914550781
465.1199951171875
468.6400146484375
467.1499938964844
469.0
469.239990234375
469.6099853515625
470.8900146484375
467.2200012207031
466.05999755859375
462.3399963378906
464.07000732421875
462.0
461.6400146484375
450.7300109863281
459.1700134277344
456.1300048828125
464.4100036621094
468.70001220703125
468.1499938964844
469.2300109863281
470.19000244140625
463.0899963378906
463.4200134277344
472.57000732421875
461.54998779296875
454.4800109863281
458.6099853515625
462.7900085449219
468.75
472.05999755859375
477.7200012207031
476.9800109863281
477.92999267578125
475.6400146484375
476.29998779296875
479.2200012207031
477.1600036621094
467.8900146484375
467.95001220703125
462.70001220703125
465.2300109863281
471.5899963378906
472.19000244140625
461.19000244140625
459.739990234375
458.1300048828125
453.75
445.55999755859375
432.0299987792969
433.05999755859375
440.7200012207031
438.260009765625
432.67999267578125
441.239990234375
450.67999267578125
455.5
450.95001220703125
446.3500061035156
449.510009765625
446.7300109863281
455.2200012207031
451.3399963378906
449.4100036621094
439.9200134277344
443.7300109863281
443.92999267578125
443.2200012207031
437.3299865722656
431.8900146484375
432.6600036621094
411.0199890136719
429.6099853515625
432.0299987792969
435.0400085449219
432.3699951171875
440.4700012207031
431.75
431.54998779296875
419.6199951171875
425.1400146484375
422.5199890136719
428.1199951171875
420.8900146484375
419.7699890136719
429.8900146484375
433.5899963378906
438.0
444.3399963378906
445.8599853515625
446.9100036621094
445.94000244140625
451.1600036621094
452.05999755859375
460.0199890136719
460.3399963378906
457.8900146484375
453.30999755859375
453.1300048828125
455.2200012207031
446.8900146484375
445.5899963378906
447.9700012207031
444.1099853515625
443.0799865722656
438.0299987792969
443.54998779296875
436.80999755859375
437.8599853515625
446.9200134277344
448.5400085449219
436.9100036621094
423.6700134277344
425.8299865722656
417.239990234375
422.2900085449219
423.5899963378906
412.07000732421875
415.010009765625
417.0799865722656
424.54998779296875
411.1000061035156
405.1000061035156
404.489990234375
398.07000732421875
389.3699951171875
396.7099914550781
399.9800109863281
406.5299987792969
403.5
388.6199951171875
393.25
392.8299865722656
392.55999755859375
392.30999755859375
398.6700134277344
407.9100036621094
413.54998779296875
415.1700134277344
409.4200134277344
412.3999938964844
414.7799987792969
408.1000061035156
413.92999267578125
409.3399963378906
394.8800048828125
379.8500061035156
376.8500061035156
377.3599853515625
370.510009765625
365.510009765625
371.8900146484375
370.6199951171875
376.6400146484375
381.3999938964844
391.04998779296875
390.2300109863281
381.2300109863281
376.239990234375
376.55999755859375
375.8800048828125
382.1099853515625
385.1199951171875
387.2699890136719
385.8500061035156
383.6499938964844
375.1000061035156
373.6099853515625
382.54998779296875
388.3800048828125
386.0799865722656
392.4700012207031
394.1600036621094
398.9200134277344
395.75
393.8399963378906
394.3599853515625
401.8900146484375
407.5799865722656
409.1499938964844
409.1199951171875
410.29998779296875
414.3699951171875
409.6600036621094
415.25
412.2200012207031
418.7799987792969
422.989990234375
422.0299987792969
424.7699890136719
427.7300109863281
425.9100036621094
426.8599853515625
424.9800109863281
417.04998779296875
412.8999938964844
412.1099853515625
415.239990234375
419.3900146484375
402.20001220703125
403.8500061035156
399.92999267578125
392.8900146484375
400.2799987792969
393.1300048828125
390.42999267578125
395.3900146484375
402.739990234375
408.7799987792969
401.8299865722656
394.4700012207031
392.9599914550781
384.1400146484375
382.260009765625
385.05999755859375
386.1099853515625
376.5799865722656
370.5799865722656
366.4100036621094
368.0199890136719
364.3800048828125
366.80999755859375
361.79998779296875
361.0799865722656
372.3999938964844
373.3900146484375
375.6199951171875
368.9700012207031
363.9599914550781
358.239990234375
358.1700134277344
349.2099914550781
368.54998779296875
364.010009765625
375.1300048828125
368.989990234375
368.0299987792969
365.1199951171875
375.8900146484375
378.7900085449219
381.6199951171875
383.07000732421875
379.8699951171875
386.44000244140625
390.1400146484375
383.8999938964844
371.4700012207031
377.0
377.7099914550781
381.1099853515625
379.92999267578125
388.04998779296875
395.5899963378906
